frame,rho
0,0.0098419189453125
1000,0.0247802734375
2000,0.0397491455078125
3000,0.0542144775390625
4000,0.0684356689453125
5000,0.0824127197265625
6000,0.0965118408203125
7000,0.1101531982421875
8000,0.1236419677734375
9000,0.13726806640625
10000,0.150482177734375
11000,0.1633148193359375
12000,0.1761322021484375
13000,0.1884918212890625
14000,0.20050048828125
15000,0.21295166015625
16000,0.224639892578125
17000,0.2360992431640625
18000,0.247802734375
19000,0.2589111328125
20000,0.2700958251953125
21000,0.28125
22000,0.2923736572265625
23000,0.302734375
24000,0.313323974609375
25000,0.3233184814453125
26000,0.33355712890625
27000,0.3432464599609375
28000,0.3532867431640625
29000,0.3626251220703125
30000,0.3725128173828125
31000,0.3814239501953125
32000,0.3905792236328125
33000,0.39990234375
34000,0.40887451171875
35000,0.4178924560546875
36000,0.4266204833984375
37000,0.4351654052734375
38000,0.4433441162109375
39000,0.4522705078125
40000,0.46075439453125
41000,0.4686737060546875
42000,0.476837158203125
43000,0.4841461181640625
44000,0.492095947265625
45000,0.4995269775390625
46000,0.5075836181640625
47000,0.5077056884765625
48000,0.5147857666015625
49000,0.522552490234375
50000,0.52984619140625
51000,0.5319366455078125
52000,0.5387725830078125
53000,0.5287628173828125
54000,0.5357666015625
55000,0.5362091064453125
56000,0.543121337890625
57000,0.550048828125
58000,0.556640625
59000,0.495635986328125
60000,0.5035247802734375
61000,0.3594512939453125
62000,0.3693389892578125
63000,0.3771820068359375
64000,0.386749267578125
65000,0.3909759521484375
66000,0.4000244140625
67000,0.409271240234375
68000,0.4178924560546875
69000,0.251922607421875
70000,0.26324462890625
71000,0.27435302734375
72000,0.2852020263671875
73000,0.245269775390625
74000,0.256591796875
75000,0.2677459716796875
76000,0.278717041015625
77000,0.28961181640625
78000,0.3002471923828125
79000,0.310638427734375
80000,0.3214263916015625
81000,0.3316650390625
82000,0.3417816162109375
83000,0.3144378662109375
84000,0.32489013671875
85000,0.3348236083984375
86000,0.3449554443359375
87000,0.3551483154296875
88000,0.3642425537109375
89000,0.3737335205078125
90000,0.377349853515625
91000,0.3865814208984375
92000,0.396087646484375
93000,0.4052734375
94000,0.414794921875
95000,0.40277099609375
96000,0.4116363525390625
97000,0.4203948974609375
98000,0.4293212890625
99000,0.4371490478515625
100000,0.4456329345703125
101000,0.4541015625
102000,0.4622802734375
103000,0.4701995849609375
104000,0.478179931640625
105000,0.4861297607421875
106000,0.49395751953125
107000,0.5010986328125
108000,0.508544921875
109000,0.48712158203125
110000,0.4938201904296875
111000,0.4983978271484375
112000,0.5007171630859375
113000,0.50787353515625
114000,0.5154266357421875
115000,0.5227508544921875
116000,0.52996826171875
117000,0.5372314453125
118000,0.5443115234375
119000,0.524566650390625
120000,0.531768798828125
121000,0.538421630859375
122000,0.5454254150390625
123000,0.5516204833984375
124000,0.5587158203125
125000,0.5655059814453125
126000,0.5718841552734375
127000,0.57794189453125
128000,0.5845184326171875
129000,0.590728759765625
130000,0.5968780517578125
131000,0.134246826171875
132000,0.146697998046875
133000,0.1595611572265625
134000,0.1701202392578125
135000,0.18121337890625
136000,0.1938323974609375
137000,0.2060546875
138000,0.2178955078125
139000,0.22979736328125
140000,0.2414398193359375
141000,0.2531585693359375
142000,0.2644500732421875
143000,0.2757720947265625
144000,0.2864990234375
145000,0.2971649169921875
146000,0.3077850341796875
147000,0.3182220458984375
148000,0.328399658203125
149000,0.3384857177734375
150000,0.3480682373046875
151000,0.357818603515625
152000,0.3677215576171875
153000,0.3774261474609375
154000,0.3867950439453125
155000,0.3962860107421875
156000,0.4052886962890625
157000,0.414703369140625
158000,0.4233245849609375
159000,0.432159423828125
160000,0.440887451171875
161000,0.4489898681640625
162000,0.4573974609375
163000,0.46527099609375
164000,0.47344970703125
165000,0.481414794921875
166000,0.489227294921875
167000,0.4966278076171875
168000,0.50439453125
169000,0.4868316650390625
170000,0.4945831298828125
171000,0.502410888671875
172000,0.4822998046875
173000,0.4902801513671875
174000,0.4965057373046875
175000,0.503631591796875
176000,0.510986328125
177000,0.515869140625
178000,0.5230865478515625
179000,0.5301971435546875
180000,0.53741455078125
181000,0.51531982421875
182000,0.522308349609375
183000,0.5294342041015625
184000,0.5366973876953125
185000,0.321441650390625
186000,0.332000732421875
187000,0.342071533203125
188000,0.3473663330078125
189000,0.2865447998046875
190000,0.297393798828125
191000,0.3082427978515625
192000,0.3188323974609375
193000,0.328887939453125
194000,0.3389434814453125
195000,0.3489837646484375
196000,0.3591461181640625
197000,0.3690643310546875
198000,0.377685546875
199000,0.3874359130859375
200000,0.3963623046875
201000,0.40533447265625
202000,0.414459228515625
203000,0.4233551025390625
204000,0.4320220947265625
205000,0.4402923583984375
206000,0.4487457275390625
207000,0.24517822265625
208000,0.2566070556640625
209000,0.2676239013671875
210000,0.278839111328125
211000,0.2896575927734375
212000,0.30035400390625
213000,0.3106689453125
214000,0.3212738037109375
215000,0.331451416015625
216000,0.3416290283203125
217000,0.350921630859375
218000,0.330810546875
219000,0.34088134765625
220000,0.3507843017578125
221000,0.360321044921875
222000,0.36968994140625
223000,0.3791046142578125
224000,0.388580322265625
225000,0.3977508544921875
226000,0.4066925048828125
227000,0.41583251953125
228000,0.4248504638671875
229000,0.43182373046875
230000,0.440521240234375
231000,0.4489288330078125
232000,0.4571990966796875
233000,0.4652252197265625
234000,0.47332763671875
235000,0.4812774658203125
236000,0.489013671875
237000,0.494659423828125
238000,0.4730377197265625
239000,0.481048583984375
240000,0.487701416015625
241000,0.4956817626953125
242000,0.5031585693359375
243000,0.51104736328125
244000,0.5182342529296875
245000,0.525390625
246000,0.5324859619140625
247000,0.5395660400390625
248000,0.546417236328125
249000,0.3035125732421875
250000,0.3142242431640625
251000,0.324310302734375
252000,0.3345947265625
253000,0.3435516357421875
254000,0.353607177734375
255000,0.363250732421875
256000,0.3729095458984375
257000,0.3826904296875
258000,0.3920440673828125
259000,0.3997802734375
260000,0.409149169921875
261000,0.4181365966796875
262000,0.42694091796875
263000,0.3874359130859375
264000,0.39691162109375
265000,0.40570068359375
266000,0.414886474609375
267000,0.423553466796875
268000,0.3297119140625
269000,0.2925567626953125
270000,0.303070068359375
272000,0.32232666015625
273000,0.333038330078125
274000,0.3433990478515625
275000,0.353179931640625
276000,0.3630218505859375
277000,0.3721466064453125
278000,0.381622314453125
279000,0.3899993896484375
280000,0.39898681640625
281000,0.4080810546875
282000,0.4167938232421875
283000,0.42559814453125
284000,0.434234619140625
285000,0.44256591796875
286000,0.4508514404296875
287000,0.4590606689453125
288000,0.4671173095703125
289000,0.4747467041015625
290000,0.4814453125
291000,0.4892120361328125
292000,0.4970703125
293000,0.50506591796875
294000,0.5124359130859375
295000,0.5202789306640625
296000,0.52764892578125
297000,0.4763336181640625
298000,0.4847259521484375
299000,0.48291015625
300000,0.49072265625
301000,0.4544830322265625
302000,0.4623870849609375
303000,0.4705810546875
304000,0.4351959228515625
305000,0.44354248046875
306000,0.452117919921875
307000,0.459869384765625
308000,0.310943603515625
309000,0.3209228515625
310000,0.30633544921875
311000,0.3167572021484375
312000,0.3271636962890625
313000,0.337310791015625
314000,0.3471832275390625
315000,0.3568572998046875
316000,0.3665313720703125
317000,0.376190185546875
318000,0.3853607177734375
319000,0.311248779296875
320000,0.3215179443359375
321000,0.3315277099609375
322000,0.341522216796875
323000,0.350830078125
324000,0.36065673828125
325000,0.37030029296875
326000,0.3797760009765625
327000,0.3892822265625
328000,0.398681640625
329000,0.3861541748046875
330000,0.36822509765625
331000,0.3774261474609375
332000,0.386199951171875
333000,0.3947296142578125
334000,0.403961181640625
335000,0.4128265380859375
336000,0.4045867919921875
337000,0.413330078125
338000,0.4222564697265625
339000,0.4307708740234375
340000,0.439300537109375
341000,0.4479827880859375
342000,0.4564056396484375
343000,0.463958740234375
344000,0.3999176025390625
345000,0.4090423583984375
346000,0.4184417724609375
347000,0.425537109375
348000,0.434051513671875
349000,0.4420166015625
350000,0.4406890869140625
351000,0.449310302734375
352000,0.457305908203125
353000,0.4655914306640625
354000,0.473358154296875
355000,0.4429473876953125
356000,0.4514923095703125
357000,0.4595794677734375
358000,0.46759033203125
359000,0.425506591796875
360000,0.434295654296875
361000,0.4427337646484375
362000,0.451385498046875
363000,0.4598236083984375
364000,0.466644287109375
365000,0.4751129150390625
366000,0.48309326171875
367000,0.490966796875
368000,0.4984283447265625
369000,0.5059967041015625
370000,0.3156890869140625
371000,0.326171875
372000,0.336151123046875
373000,0.3465118408203125
374000,0.3238067626953125
375000,0.334075927734375
376000,0.3442840576171875
377000,0.3542327880859375
378000,0.3643341064453125
379000,0.3741455078125
380000,0.2794647216796875
381000,0.2901458740234375
382000,0.3007965087890625
383000,0.3111419677734375
384000,0.321044921875
385000,0.3316192626953125
386000,0.3419036865234375
387000,0.3520660400390625
388000,0.3618621826171875
389000,0.3713836669921875
390000,0.3810577392578125
391000,0.3904876708984375
392000,0.3996734619140625
393000,0.40869140625
394000,0.417449951171875
395000,0.426177978515625
396000,0.434906005859375
397000,0.443603515625
398000,0.4522705078125
399000,0.4603118896484375
400000,0.4685516357421875
401000,0.4765167236328125
402000,0.48431396484375
403000,0.3814239501953125
404000,0.39068603515625
405000,0.399810791015625
406000,0.409088134765625
407000,0.388275146484375
408000,0.397369384765625
409000,0.4061126708984375
410000,0.4152069091796875
411000,0.38165283203125
412000,0.3910064697265625
413000,0.390350341796875
414000,0.3995208740234375
415000,0.4082489013671875
416000,0.41693115234375
417000,0.425933837890625
418000,0.4344329833984375
419000,0.443115234375
420000,0.4359588623046875
421000,0.4445343017578125
422000,0.4522705078125
423000,0.4104461669921875
424000,0.41925048828125
425000,0.428009033203125
426000,0.4365997314453125
427000,0.44512939453125
428000,0.4533233642578125
429000,0.4613800048828125
430000,0.469696044921875
431000,0.4776153564453125
432000,0.48541259765625
433000,0.493255615234375
434000,0.5004119873046875
435000,0.5082855224609375
436000,0.515533447265625
437000,0.5222625732421875
438000,0.5294342041015625
439000,0.536590576171875
440000,0.54388427734375
441000,0.5506591796875
442000,0.5570068359375
443000,0.5638427734375
444000,0.5703582763671875
445000,0.5766448974609375
446000,0.582733154296875
447000,0.5867767333984375
448000,0.5928192138671875
449000,0.5985565185546875
450000,0.6045074462890625
451000,0.610595703125
452000,0.2218475341796875
453000,0.2329254150390625
454000,0.24456787109375
455000,0.2563018798828125
456000,0.26763916015625
457000,0.2789306640625
458000,0.2898712158203125
459000,0.30035400390625
460000,0.3111724853515625
461000,0.3214874267578125
462000,0.332061767578125
463000,0.342193603515625
464000,0.3290252685546875
465000,0.3383636474609375
466000,0.348052978515625
467000,0.35748291015625
468000,0.367706298828125
469000,0.3773193359375
470000,0.386627197265625
471000,0.3955841064453125
472000,0.404937744140625
473000,0.4139404296875
474000,0.422760009765625
475000,0.4317626953125
476000,0.44036865234375
477000,0.4486083984375
478000,0.4568328857421875
479000,0.4652252197265625
480000,0.4731597900390625
481000,0.4813690185546875
482000,0.488983154296875
483000,0.4965362548828125
484000,0.322967529296875
485000,0.3331451416015625
486000,0.3431243896484375
487000,0.3504486083984375
488000,0.36016845703125
489000,0.37030029296875
490000,0.38018798828125
491000,0.389404296875
492000,0.3983001708984375
493000,0.4070587158203125
494000,0.4161224365234375
495000,0.4252777099609375
496000,0.4316558837890625
497000,0.44012451171875
498000,0.4486541748046875
499000,0.4566802978515625
500000,0.464691162109375
501000,0.47259521484375
502000,0.4808197021484375
503000,0.488006591796875
504000,0.4958648681640625
505000,0.496124267578125
506000,0.5037994384765625
507000,0.5113677978515625
508000,0.4186859130859375
509000,0.427215576171875
510000,0.436004638671875
511000,0.4447479248046875
512000,0.45318603515625
513000,0.461578369140625
514000,0.46954345703125
515000,0.2970733642578125
517000,0.2813873291015625
518000,0.2922821044921875
519000,0.30322265625
520000,0.3135528564453125
521000,0.323974609375
522000,0.3344268798828125
523000,0.315765380859375
524000,0.3257293701171875
525000,0.3358917236328125
526000,0.326324462890625
527000,0.3361053466796875
528000,0.3464813232421875
529000,0.3564300537109375
530000,0.3658599853515625
531000,0.3754425048828125
532000,0.384918212890625
533000,0.3939056396484375
534000,0.402618408203125
535000,0.4115142822265625
536000,0.420806884765625
537000,0.4080352783203125
538000,0.4041748046875
539000,0.412750244140625
540000,0.421600341796875
541000,0.421875
542000,0.4306793212890625
543000,0.439208984375
544000,0.4476776123046875
545000,0.45574951171875
546000,0.4642333984375
547000,0.472808837890625
548000,0.480987548828125
549000,0.3823089599609375
550000,0.391204833984375
551000,0.4003448486328125
552000,0.40936279296875
553000,0.4181976318359375
554000,0.4271087646484375
555000,0.416778564453125
556000,0.4253692626953125
557000,0.4339599609375
558000,0.361358642578125
559000,0.3713836669921875
560000,0.373291015625
561000,0.3829345703125
562000,0.3917388916015625
563000,0.40118408203125
564000,0.4097137451171875
565000,0.418670654296875
566000,0.427703857421875
567000,0.4360809326171875
568000,0.444610595703125
569000,0.4528656005859375
570000,0.460601806640625
571000,0.4690093994140625
572000,0.4774169921875
573000,0.4850921630859375
574000,0.471099853515625
575000,0.4791412353515625
576000,0.487213134765625
577000,0.494842529296875
578000,0.502349853515625
579000,0.25738525390625
580000,0.2684783935546875
581000,0.2791290283203125
582000,0.290130615234375
583000,0.30084228515625
584000,0.3111419677734375
585000,0.321746826171875
586000,0.3318939208984375
587000,0.341888427734375
588000,0.3520965576171875
589000,0.3616180419921875
590000,0.37060546875
591000,0.380157470703125
592000,0.3895416259765625
593000,0.3989715576171875
594000,0.40771484375
595000,0.416839599609375
596000,0.42559814453125
597000,0.4344635009765625
598000,0.4428863525390625
599000,0.4510650634765625
600000,0.4591522216796875
601000,0.4675750732421875
602000,0.47528076171875
603000,0.4830322265625
604000,0.49072265625
605000,0.49884033203125
606000,0.5065765380859375
607000,0.5143280029296875
608000,0.5211334228515625
609000,0.528564453125
610000,0.5356292724609375
611000,0.5420684814453125
612000,0.5491180419921875
613000,0.4479827880859375
614000,0.456146240234375
615000,0.464569091796875
616000,0.472625732421875
617000,0.4806671142578125
618000,0.48907470703125
619000,0.4965362548828125
620000,0.504241943359375
621000,0.511962890625
622000,0.5195465087890625
623000,0.527130126953125
624000,0.5340423583984375
625000,0.5413665771484375
626000,0.54827880859375
627000,0.5547332763671875
628000,0.53436279296875
629000,0.54107666015625
630000,0.547454833984375
631000,0.5544281005859375
632000,0.5609588623046875
633000,0.5673828125
634000,0.5738525390625
635000,0.5750885009765625
636000,0.5814208984375
637000,0.5877227783203125
638000,0.5941925048828125
639000,0.6004486083984375
640000,0.1575469970703125
641000,0.1702880859375
642000,0.182861328125
643000,0.195220947265625
644000,0.2071380615234375
645000,0.2191619873046875
646000,0.23101806640625
647000,0.24267578125
648000,0.2538909912109375
649000,0.265350341796875
650000,0.276397705078125
651000,0.28753662109375
652000,0.2981719970703125
653000,0.308807373046875
654000,0.2996368408203125
655000,0.3103790283203125
656000,0.3205413818359375
657000,0.3306427001953125
658000,0.3406982421875
659000,0.3482208251953125
660000,0.3579864501953125
661000,0.3669586181640625
662000,0.3762969970703125
663000,0.3856048583984375
664000,0.394866943359375
665000,0.4035797119140625
666000,0.4126739501953125
667000,0.421600341796875
668000,0.430419921875
669000,0.4390106201171875
670000,0.4476470947265625
671000,0.4559173583984375
672000,0.464874267578125
673000,0.473297119140625
674000,0.4812164306640625
675000,0.4890289306640625
676000,0.4969635009765625
677000,0.50433349609375
678000,0.5115203857421875
679000,0.518798828125
680000,0.5261688232421875
681000,0.5333709716796875
682000,0.5187225341796875
683000,0.525604248046875
684000,0.525482177734375
685000,0.5322113037109375
686000,0.359619140625
687000,0.3690948486328125
688000,0.37890625
689000,0.3863067626953125
690000,0.3936920166015625
691000,0.4027862548828125
692000,0.4081573486328125
693000,0.4168853759765625
694000,0.4180755615234375
695000,0.4266204833984375
696000,0.435760498046875
697000,0.3447265625
698000,0.343475341796875
699000,0.3535614013671875
700000,0.3542022705078125
701000,0.363922119140625
702000,0.3734588623046875
703000,0.3832244873046875
704000,0.3921661376953125
705000,0.4003753662109375
706000,0.4094696044921875
707000,0.384185791015625
708000,0.3933868408203125
709000,0.28240966796875
710000,0.2933807373046875
711000,0.304107666015625
712000,0.3145751953125
713000,0.3249359130859375
714000,0.3340606689453125
715000,0.3440399169921875
716000,0.3540496826171875
717000,0.3644561767578125
718000,0.3742218017578125
719000,0.3833770751953125
720000,0.392242431640625
721000,0.401275634765625
722000,0.4099884033203125
723000,0.4190521240234375
724000,0.426727294921875
725000,0.4355621337890625
726000,0.4440155029296875
727000,0.45220947265625
728000,0.38470458984375
729000,0.3930816650390625
730000,0.402191162109375
731000,0.41168212890625
732000,0.4206085205078125
733000,0.4208221435546875
734000,0.4296112060546875
735000,0.438079833984375
736000,0.4463348388671875
737000,0.4547882080078125
738000,0.4527435302734375
739000,0.4609527587890625
740000,0.4693603515625
741000,0.4745330810546875
742000,0.4828033447265625
743000,0.4904022216796875
744000,0.3997955322265625
745000,0.40869140625
746000,0.417205810546875
747000,0.425567626953125
748000,0.434356689453125
749000,0.4427337646484375
750000,0.451324462890625
751000,0.459686279296875
752000,0.4680328369140625
753000,0.475830078125
754000,0.4835052490234375
755000,0.491241455078125
756000,0.4991302490234375
757000,0.5066680908203125
758000,0.513916015625
759000,0.5213775634765625
760000,0.5283203125
761000,0.535430908203125
762000,0.5427398681640625
763000,0.5495758056640625
764000,0.5548095703125
765000,0.5559844970703125
766000,0.2642059326171875
767000,0.2751922607421875
768000,0.2275238037109375
769000,0.2392120361328125
770000,0.2511749267578125
771000,0.2626800537109375
772000,0.2740020751953125
773000,0.2848663330078125
774000,0.294708251953125
775000,0.3050079345703125
776000,0.3153839111328125
777000,0.32550048828125
778000,0.335968017578125
779000,0.3462371826171875
780000,0.3562164306640625
781000,0.3656158447265625
782000,0.375213623046875
783000,0.3847503662109375
784000,0.3935394287109375
785000,0.40301513671875
786000,0.4116668701171875
787000,0.42071533203125
788000,0.4294586181640625
789000,0.4385223388671875
790000,0.4470672607421875
791000,0.455322265625
792000,0.463897705078125
793000,0.4715118408203125
794000,0.4785614013671875
795000,0.4862823486328125
796000,0.49420166015625
797000,0.502227783203125
798000,0.510009765625
799000,0.4541778564453125
800000,0.4624176025390625
801000,0.470611572265625
802000,0.4215087890625
803000,0.430755615234375
804000,0.4391632080078125
805000,0.4475860595703125
806000,0.455841064453125
807000,0.4638519287109375
808000,0.471923828125
809000,0.4765777587890625
810000,0.312530517578125
811000,0.3228759765625
812000,0.32958984375
813000,0.339447021484375
814000,0.34954833984375
815000,0.354888916015625
816000,0.364898681640625
817000,0.3741302490234375
818000,0.3827362060546875
819000,0.391937255859375
820000,0.4012603759765625
821000,0.4102020263671875
822000,0.4189910888671875
823000,0.4277496337890625
824000,0.43450927734375
825000,0.4430389404296875
826000,0.2835693359375
827000,0.2943115234375
828000,0.305023193359375
829000,0.3153533935546875
830000,0.3256683349609375
831000,0.33642578125
832000,0.3465728759765625
833000,0.3451385498046875
834000,0.354949951171875
835000,0.3646392822265625
836000,0.3745574951171875
837000,0.3840179443359375
838000,0.39300537109375
839000,0.4024200439453125
840000,0.4115142822265625
841000,0.4203338623046875
842000,0.42926025390625
843000,0.4364776611328125
844000,0.389129638671875
845000,0.344696044921875
846000,0.3548583984375
847000,0.3647308349609375
848000,0.3739776611328125
849000,0.3834686279296875
850000,0.392852783203125
851000,0.4021148681640625
852000,0.41094970703125
853000,0.4193267822265625
854000,0.428466796875
855000,0.43719482421875
856000,0.4444732666015625
857000,0.4520263671875
858000,0.4603118896484375
859000,0.468475341796875
860000,0.4764862060546875
861000,0.48419189453125
862000,0.476318359375
863000,0.48431396484375
864000,0.4900054931640625
865000,0.4976806640625
866000,0.5045166015625
867000,0.5111846923828125
868000,0.518310546875
869000,0.3934173583984375
870000,0.402679443359375
871000,0.4115447998046875
872000,0.420257568359375
873000,0.3822784423828125
874000,0.391754150390625
875000,0.4009552001953125
876000,0.4101715087890625
877000,0.4190673828125
878000,0.35650634765625
879000,0.3663177490234375
880000,0.375823974609375
881000,0.37860107421875
883000,0.3079376220703125
884000,0.3183746337890625
885000,0.3287506103515625
886000,0.33660888671875
887000,0.3465576171875
888000,0.3566131591796875
889000,0.3665618896484375
890000,0.3763427734375
891000,0.373779296875
892000,0.383087158203125
893000,0.3922882080078125
894000,0.401336669921875
895000,0.410430908203125
896000,0.4192352294921875
897000,0.4013671875
898000,0.4102783203125
899000,0.419189453125
900000,0.4269561767578125
901000,0.4360198974609375
902000,0.4432220458984375
903000,0.4515228271484375
904000,0.4596710205078125
905000,0.467742919921875
906000,0.475433349609375
907000,0.48358154296875
908000,0.491302490234375
909000,0.499053955078125
910000,0.5068511962890625
911000,0.5109100341796875
912000,0.5184326171875
913000,0.488189697265625
914000,0.4933624267578125
915000,0.5011138916015625
916000,0.5089263916015625
917000,0.516204833984375
918000,0.3212127685546875
919000,0.331451416015625
920000,0.3417816162109375
921000,0.3310089111328125
922000,0.3410491943359375
923000,0.3509368896484375
924000,0.3606719970703125
925000,0.3704376220703125
926000,0.379791259765625
927000,0.3890533447265625
928000,0.3906707763671875
929000,0.399871826171875
930000,0.4091339111328125
931000,0.4180755615234375
932000,0.4267120361328125
933000,0.4354248046875
934000,0.403717041015625
935000,0.4125518798828125
936000,0.371917724609375
937000,0.381103515625
938000,0.39019775390625
939000,0.340484619140625
940000,0.350738525390625
941000,0.360687255859375
942000,0.37054443359375
943000,0.3803253173828125
944000,0.389862060546875
945000,0.3996429443359375
946000,0.4088592529296875
947000,0.4178314208984375
948000,0.4266357421875
949000,0.4354400634765625
950000,0.4435882568359375
951000,0.452392578125
952000,0.387786865234375
953000,0.3968048095703125
954000,0.4055633544921875
955000,0.414337158203125
956000,0.42315673828125
957000,0.432281494140625
958000,0.3782196044921875
959000,0.3736572265625
960000,0.383087158203125
961000,0.3922882080078125
962000,0.40142822265625
963000,0.409027099609375
964000,0.4180755615234375
965000,0.4265594482421875
966000,0.43505859375
967000,0.443450927734375
968000,0.401275634765625
969000,0.4103851318359375
970000,0.4188690185546875
971000,0.4272918701171875
972000,0.436065673828125
973000,0.4441375732421875
974000,0.4527130126953125
975000,0.46124267578125
976000,0.469818115234375
977000,0.478118896484375
978000,0.4862823486328125
979000,0.492523193359375
980000,0.4999847412109375
981000,0.507232666015625
982000,0.514892578125
983000,0.522369384765625
984000,0.5294189453125
985000,0.5365753173828125
986000,0.54351806640625
987000,0.2423248291015625
988000,0.2538909912109375
990000,0.2320098876953125
991000,0.2436676025390625
992000,0.2552490234375
993000,0.26654052734375
994000,0.27777099609375
995000,0.28558349609375
996000,0.2962188720703125
997000,0.3070068359375
998000,0.313385009765625
999000,0.32391357421875
1000000,0.3344879150390625
1001000,0.3444366455078125
1002000,0.3546295166015625
1003000,0.3645782470703125
1004000,0.3720855712890625
1005000,0.38116455078125
1006000,0.39056396484375
1007000,0.3997802734375
1008000,0.4087066650390625
1009000,0.4177398681640625
1010000,0.4266510009765625
1011000,0.4351043701171875
1012000,0.4430999755859375
1013000,0.45123291015625
1014000,0.457427978515625
1015000,0.46539306640625
1017000,0.4306793212890625
1018000,0.4393310546875
1019000,0.447357177734375
1020000,0.4557647705078125
1021000,0.4642333984375
1022000,0.4726409912109375
1023000,0.48046875
1024000,0.4882965087890625
1025000,0.331939697265625
1026000,0.3420257568359375
1027000,0.3519744873046875
1028000,0.3619537353515625
1029000,0.3715362548828125
1030000,0.3813934326171875
1031000,0.3906707763671875
1032000,0.3999176025390625
1033000,0.4089202880859375
1034000,0.417999267578125
1035000,0.426788330078125
1036000,0.4185943603515625
1037000,0.4275054931640625
1038000,0.4358673095703125
1039000,0.444793701171875
1040000,0.453155517578125
1041000,0.4613189697265625
1042000,0.4685821533203125
1043000,0.4732666015625
1044000,0.48150634765625
1045000,0.32574462890625
1046000,0.3359527587890625
1047000,0.34625244140625
1048000,0.3562469482421875
1049000,0.36639404296875
1050000,0.376007080078125
1051000,0.3856964111328125
1052000,0.3948211669921875
1053000,0.4042510986328125
1054000,0.4130859375
1055000,0.421539306640625
1056000,0.3088836669921875
1057000,0.3192291259765625
1058000,0.32928466796875
1059000,0.339202880859375
1061000,0.299407958984375
1062000,0.3101806640625
1063000,0.32080078125
1064000,0.3261871337890625
1065000,0.3358917236328125
1066000,0.3453826904296875
1067000,0.355316162109375
1068000,0.3648834228515625
1069000,0.3743896484375
1070000,0.384033203125
1071000,0.393463134765625
1072000,0.4004364013671875
1073000,0.409454345703125
1074000,0.418212890625
1075000,0.4263153076171875
1076000,0.4349517822265625
1077000,0.4435882568359375
1078000,0.44775390625
1079000,0.456207275390625
1080000,0.40545654296875
1081000,0.4148712158203125
1082000,0.4233245849609375
1083000,0.432159423828125
1084000,0.44091796875
1085000,0.4222564697265625
1086000,0.4313507080078125
1087000,0.439605712890625
1088000,0.4479522705078125
1089000,0.456634521484375
1090000,0.46502685546875
1091000,0.3627166748046875
1092000,0.372283935546875
1093000,0.381866455078125
1094000,0.3907012939453125
1095000,0.4002227783203125
1096000,0.4088134765625
1097000,0.4174346923828125
1098000,0.4264068603515625
1099000,0.4353485107421875
1100000,0.4437103271484375
1101000,0.4524688720703125
1102000,0.4609832763671875
1103000,0.469146728515625
1104000,0.4770050048828125
1105000,0.48291015625
1106000,0.49066162109375
1107000,0.498504638671875
1108000,0.503265380859375
1109000,0.51092529296875
1110000,0.517974853515625
1111000,0.52496337890625
1112000,0.5322418212890625
1113000,0.2156524658203125
1114000,0.2277984619140625
1115000,0.2394256591796875
1116000,0.251129150390625
1117000,0.2596435546875
1118000,0.2708892822265625
1119000,0.2820892333984375
1120000,0.2928619384765625
1121000,0.3037872314453125
1122000,0.3144683837890625
1123000,0.324951171875
1124000,0.33416748046875
1125000,0.3441162109375
1126000,0.3464202880859375
1127000,0.3562469482421875
1128000,0.3660736083984375
1129000,0.374359130859375
1130000,0.3837738037109375
1131000,0.3931884765625
1132000,0.389434814453125
1133000,0.399139404296875
1134000,0.4039306640625
1135000,0.4111328125
1136000,0.42010498046875
1137000,0.428863525390625
1138000,0.437744140625
1139000,0.446380615234375
1140000,0.4546966552734375
1141000,0.46258544921875
1142000,0.47039794921875
1143000,0.476898193359375
1144000,0.4848480224609375
1145000,0.4927215576171875
1146000,0.500396728515625
1147000,0.429901123046875
1148000,0.4389190673828125
1149000,0.447021484375
1150000,0.455352783203125
1151000,0.46282958984375
1152000,0.470977783203125
1153000,0.47882080078125
1154000,0.4859161376953125
1155000,0.4933319091796875
1156000,0.5006866455078125
1157000,0.3636322021484375
1158000,0.348480224609375
1159000,0.3581695556640625
1160000,0.3681182861328125
1161000,0.37646484375
1162000,0.38592529296875
1163000,0.3952789306640625
1164000,0.4043121337890625
1165000,0.4131011962890625
1166000,0.4217071533203125
1167000,0.4305572509765625
1168000,0.439239501953125
1169000,0.4474334716796875
1170000,0.4559783935546875
1171000,0.46405029296875
1173000,0.47784423828125
1174000,0.4858856201171875
1175000,0.197296142578125
1176000,0.2096405029296875
1177000,0.2216033935546875
1178000,0.2333526611328125
1179000,0.24456787109375
1180000,0.255523681640625
1181000,0.2667083740234375
1182000,0.2779693603515625
1183000,0.28924560546875
1184000,0.3000335693359375
1185000,0.3073272705078125
1186000,0.317657470703125
1187000,0.3272857666015625
1188000,0.337310791015625
1189000,0.3476104736328125
1190000,0.35711669921875
1191000,0.3665313720703125
1192000,0.3762054443359375
1193000,0.3857269287109375
1194000,0.395050048828125
1195000,0.4044647216796875
1196000,0.413421630859375
1197000,0.4221038818359375
1198000,0.430877685546875
1199000,0.4399261474609375
1200000,0.447601318359375
1201000,0.45587158203125
1202000,0.4645233154296875
1203000,0.473052978515625
1204000,0.4719390869140625
1205000,0.479644775390625
1206000,0.48779296875
1207000,0.456207275390625
1208000,0.46453857421875
1209000,0.4714508056640625
1210000,0.4791107177734375
1211000,0.4868621826171875
1212000,0.4945220947265625
1213000,0.50201416015625
1214000,0.49652099609375
1215000,0.5043487548828125
1216000,0.506439208984375
1217000,0.513641357421875
1218000,0.5208282470703125
1219000,0.5277557373046875
1220000,0.5238494873046875
1221000,0.5310821533203125
1222000,0.519622802734375
1223000,0.5269775390625
1224000,0.3249053955078125
1225000,0.3351287841796875
1227000,0.2779541015625
1228000,0.2889404296875
1229000,0.2996673583984375
1230000,0.2881011962890625
1231000,0.298583984375
1232000,0.3097686767578125
1233000,0.3204193115234375
1234000,0.33050537109375
1235000,0.3404083251953125
1236000,0.349456787109375
1237000,0.359375
1238000,0.354888916015625
1239000,0.3642578125
1240000,0.37158203125
1241000,0.2348480224609375
1242000,0.2455902099609375
1243000,0.25689697265625
1244000,0.2679443359375
1245000,0.2788238525390625
1246000,0.2895660400390625
1247000,0.2984619140625
1248000,0.3087310791015625
1249000,0.3190765380859375
1250000,0.3286590576171875
1251000,0.3387451171875
1252000,0.3481903076171875
1253000,0.357818603515625
1254000,0.3478851318359375
1255000,0.3575286865234375
1256000,0.3671722412109375
1257000,0.376556396484375
1258000,0.38580322265625
1259000,0.3949432373046875
1260000,0.4039306640625
1261000,0.4131011962890625
1262000,0.4217681884765625
1263000,0.4305267333984375
1264000,0.4386444091796875
1265000,0.447174072265625
1266000,0.4559173583984375
1267000,0.464080810546875
1268000,0.47174072265625
1269000,0.4798583984375
1270000,0.486236572265625
1271000,0.4938812255859375
1272000,0.485504150390625
1273000,0.4938201904296875
1274000,0.4986419677734375
1275000,0.501708984375
1276000,0.5094146728515625
1277000,0.5140228271484375
1278000,0.5214691162109375
1279000,0.5287628173828125
1280000,0.5360260009765625
1281000,0.543304443359375
1283000,0.3341827392578125
1284000,0.3441925048828125
1285000,0.3542327880859375
1286000,0.3416595458984375
1287000,0.3519439697265625
1288000,0.36163330078125
1289000,0.3633575439453125
1290000,0.370208740234375
1291000,0.379425048828125
1292000,0.388763427734375
1293000,0.312652587890625
1294000,0.3233642578125
1295000,0.3332366943359375
1296000,0.3431396484375
1297000,0.3536529541015625
1298000,0.36407470703125
1299000,0.373809814453125
1300000,0.383270263671875
1301000,0.392425537109375
1302000,0.4010162353515625
1303000,0.41021728515625
1304000,0.419342041015625
1305000,0.4278411865234375
1306000,0.339874267578125
1307000,0.28765869140625
1308000,0.298736572265625
1309000,0.30938720703125
1310000,0.3197784423828125
1311000,0.3299560546875
1312000,0.34027099609375
1313000,0.350372314453125
1314000,0.3593597412109375
1315000,0.3692626953125
1316000,0.3791656494140625
1317000,0.3887939453125
1318000,0.3983001708984375
1319000,0.407440185546875
1320000,0.41229248046875
1321000,0.42132568359375
1322000,0.428619384765625
1323000,0.4369659423828125
1324000,0.4455718994140625
1325000,0.4540252685546875
1326000,0.462066650390625
1327000,0.47021484375
1328000,0.478424072265625
1329000,0.4864044189453125
1330000,0.493927001953125
1331000,0.501556396484375
1332000,0.509429931640625
1333000,0.5141143798828125
1334000,0.5213775634765625
1335000,0.5257110595703125
1336000,0.532745361328125
1337000,0.539825439453125
1338000,0.5469207763671875
1339000,0.5536651611328125
1340000,0.313629150390625
1341000,0.3240509033203125
1342000,0.332489013671875
1343000,0.342926025390625
1344000,0.3525390625
1345000,0.362579345703125
1346000,0.3726654052734375
1347000,0.3825531005859375
1348000,0.3528900146484375
1349000,0.36236572265625
1350000,0.3721466064453125
1351000,0.381683349609375
1352000,0.3805084228515625
1353000,0.389801025390625
1354000,0.3990020751953125
1355000,0.4084930419921875
1356000,0.272064208984375
1357000,0.283233642578125
1358000,0.2940673828125
1359000,0.3046417236328125
1360000,0.3153839111328125
1361000,0.325225830078125
1362000,0.335540771484375
1363000,0.3455963134765625
1364000,0.3554840087890625
1365000,0.3657379150390625
1366000,0.37481689453125
1367000,0.384124755859375
1368000,0.3907928466796875
1369000,0.4002227783203125
1370000,0.4088134765625
1371000,0.4177703857421875
1372000,0.4261474609375
1373000,0.4353179931640625
1374000,0.4436492919921875
1375000,0.3275299072265625
1376000,0.33758544921875
1377000,0.3477020263671875
1378000,0.3572235107421875
1379000,0.367279052734375
1380000,0.37652587890625
1381000,0.386138916015625
1382000,0.394927978515625
1383000,0.404205322265625
1384000,0.4126434326171875
1385000,0.4213409423828125
1386000,0.4302978515625
1387000,0.43865966796875
1388000,0.446990966796875
1389000,0.4364471435546875
1390000,0.4449920654296875
1392000,0.4605255126953125
1393000,0.4682159423828125
1394000,0.401336669921875
1395000,0.4102783203125
1396000,0.41473388671875
1397000,0.4240264892578125
1398000,0.4324188232421875
1399000,0.4409332275390625
1400000,0.44940185546875
1401000,0.4578399658203125
1402000,0.466217041015625
1403000,0.4740447998046875
1404000,0.4822235107421875
1405000,0.4898834228515625
1406000,0.413238525390625
1407000,0.4218597412109375
1408000,0.430877685546875
1409000,0.4399871826171875
1410000,0.4485931396484375
1411000,0.45709228515625
1412000,0.3453826904296875
1413000,0.355712890625
1414000,0.362548828125
1415000,0.372222900390625
1416000,0.381866455078125
1417000,0.3912506103515625
1418000,0.40045166015625
1419000,0.4095458984375
1420000,0.418365478515625
1421000,0.4272003173828125
1422000,0.4354095458984375
1423000,0.44354248046875
1424000,0.45208740234375
1425000,0.46051025390625
1426000,0.468505859375
1427000,0.4765167236328125
1428000,0.4842681884765625
1429000,0.4919891357421875
1430000,0.285491943359375
1431000,0.2966461181640625
1432000,0.3074188232421875
1433000,0.317230224609375
1434000,0.327484130859375
1435000,0.3372955322265625
1436000,0.3449859619140625
1437000,0.35504150390625
1438000,0.3647003173828125
1439000,0.3740234375
1440000,0.38360595703125
1441000,0.3932342529296875
1442000,0.4020233154296875
1443000,0.4110107421875
1444000,0.4199066162109375
1445000,0.360015869140625
1446000,0.369232177734375
1447000,0.3786163330078125
1448000,0.38812255859375
1449000,0.3971710205078125
1450000,0.4061126708984375
1451000,0.4152679443359375
1452000,0.4188079833984375
1453000,0.4272918701171875
1454000,0.4359283447265625
1455000,0.444488525390625
1456000,0.3841400146484375
1457000,0.3933868408203125
1458000,0.40264892578125
1459000,0.4119720458984375
1460000,0.42083740234375
1461000,0.42938232421875
1462000,0.438140869140625
1463000,0.4463653564453125
1464000,0.4547119140625
1465000,0.4423675537109375
1466000,0.45050048828125
1467000,0.4587249755859375
1468000,0.4670257568359375
1469000,0.4753265380859375
1470000,0.4830169677734375
1471000,0.471221923828125
1472000,0.4793701171875
1473000,0.4871063232421875
1474000,0.4945526123046875
1475000,0.5023193359375
1476000,0.509918212890625
1477000,0.51763916015625
1478000,0.5247039794921875
1479000,0.5317535400390625
1480000,0.538726806640625
1481000,0.5457000732421875
1482000,0.5223388671875
1483000,0.5285491943359375
1484000,0.536102294921875
1485000,0.5433502197265625
1486000,0.5500946044921875
1487000,0.556884765625
1488000,0.195037841796875
1489000,0.2075653076171875
1490000,0.219757080078125
1491000,0.2315216064453125
1492000,0.2433929443359375
1493000,0.2550506591796875
1494000,0.2662200927734375
1495000,0.2773284912109375
1496000,0.288360595703125
1497000,0.299224853515625
1498000,0.3097686767578125
1499000,0.2996826171875
1500000,0.31024169921875
1501000,0.320465087890625
1502000,0.3308258056640625
1503000,0.34136962890625
1504000,0.35137939453125
1505000,0.3612060546875
1506000,0.3712005615234375
1507000,0.3809356689453125
1508000,0.39068603515625
1509000,0.400299072265625
1510000,0.409637451171875
1511000,0.4187774658203125
1512000,0.42779541015625
1513000,0.436187744140625
1514000,0.444610595703125
1515000,0.453033447265625
1516000,0.4608917236328125
1517000,0.4696044921875
1518000,0.47772216796875
1519000,0.4855194091796875
1520000,0.4930267333984375
1521000,0.5001983642578125
1522000,0.4248504638671875
1523000,0.43365478515625
1524000,0.350128173828125
1525000,0.3594818115234375
1526000,0.3696746826171875
1527000,0.37908935546875
1528000,0.38861083984375
1529000,0.398193359375
1530000,0.407073974609375
1531000,0.4156341552734375
1532000,0.424102783203125
1533000,0.3969879150390625
1534000,0.4060211181640625
1535000,0.4149322509765625
1536000,0.422882080078125
1537000,0.43145751953125
1538000,0.3713226318359375
1539000,0.3804931640625
1540000,0.3897705078125
1541000,0.399139404296875
1542000,0.3961029052734375
1543000,0.405670166015625
1544000,0.414794921875
1545000,0.4232177734375
1546000,0.431854248046875
1547000,0.4405975341796875
1548000,0.44085693359375
1549000,0.449127197265625
1550000,0.4570770263671875
1552000,0.348358154296875
1553000,0.3582611083984375
1554000,0.36798095703125
1555000,0.377197265625
1556000,0.3865966796875
1557000,0.395599365234375
1558000,0.4043121337890625
1559000,0.4138031005859375
1560000,0.4223480224609375
1561000,0.3408660888671875
1562000,0.34881591796875
1563000,0.3582305908203125
1564000,0.3677978515625
1565000,0.377349853515625
1566000,0.38671875
1567000,0.3960113525390625
1568000,0.4049224853515625
1569000,0.4136962890625
1570000,0.4228973388671875
1571000,0.43157958984375
1572000,0.4380950927734375
1573000,0.373870849609375
1574000,0.3834991455078125
1575000,0.3930816650390625
1576000,0.4023284912109375
1577000,0.40655517578125
1578000,0.4157257080078125
1579000,0.4246063232421875
1580000,0.4334716796875
1581000,0.44219970703125
1582000,0.4505767822265625
1583000,0.458740234375
1584000,0.4669189453125
1585000,0.4747314453125
1586000,0.482757568359375
1587000,0.4905853271484375
1588000,0.4980010986328125
1589000,0.4805145263671875
1590000,0.488525390625
1591000,0.4962921142578125
1592000,0.50360107421875
1593000,0.511199951171875
1594000,0.5185699462890625
1595000,0.280792236328125
1596000,0.29144287109375
1597000,0.30230712890625
1598000,0.3126678466796875
1599000,0.322967529296875
1600000,0.3334808349609375
1601000,0.3438568115234375
1602000,0.3540191650390625
1603000,0.3632965087890625
1604000,0.37249755859375
1605000,0.3635101318359375
1606000,0.37310791015625
1607000,0.3826751708984375
1608000,0.3919525146484375
1609000,0.29559326171875
1610000,0.3064727783203125
1611000,0.317108154296875
1612000,0.3275604248046875
1613000,0.337615966796875
1614000,0.34765625
1615000,0.3575592041015625
1616000,0.3674163818359375
1617000,0.37677001953125
1618000,0.3778839111328125
1619000,0.387420654296875
1620000,0.3965911865234375
1621000,0.4058990478515625
1622000,0.4149322509765625
1623000,0.423614501953125
1624000,0.4302978515625
1626000,0.3270111083984375
1627000,0.337860107421875
1628000,0.3481903076171875
1629000,0.3579559326171875
1630000,0.3676910400390625
1631000,0.3772125244140625
1632000,0.3863677978515625
1633000,0.39117431640625
1634000,0.400726318359375
1635000,0.4101409912109375
1636000,0.417938232421875
1637000,0.426605224609375
1638000,0.4352874755859375
1639000,0.444122314453125
1640000,0.4524993896484375
1641000,0.4612884521484375
1642000,0.466949462890625
1643000,0.47503662109375
1644000,0.482330322265625
1645000,0.4903411865234375
1646000,0.4983367919921875
1647000,0.5058135986328125
1648000,0.5131988525390625
1649000,0.520782470703125
1650000,0.5279083251953125
1651000,0.5347747802734375
1652000,0.38250732421875
1653000,0.3913116455078125
1654000,0.400177001953125
1655000,0.40924072265625
1656000,0.4181365966796875
1657000,0.426910400390625
1658000,0.2440643310546875
1659000,0.255859375
1660000,0.2671051025390625
1661000,0.2783966064453125
1662000,0.2894744873046875
1663000,0.3000640869140625
1664000,0.294677734375
1665000,0.3054046630859375
1666000,0.3128814697265625
1667000,0.3233642578125
1668000,0.3338470458984375
1669000,0.3441619873046875
1670000,0.35369873046875
1671000,0.3633880615234375
1672000,0.3727264404296875
1673000,0.381988525390625
1674000,0.3914031982421875
1675000,0.4005889892578125
1676000,0.40960693359375
1677000,0.4187164306640625
1678000,0.427459716796875
1679000,0.43609619140625
1680000,0.4447021484375
1681000,0.430938720703125
1682000,0.43951416015625
1683000,0.44769287109375
1684000,0.4560699462890625
1685000,0.4644012451171875
1686000,0.4724273681640625
1687000,0.4802703857421875
1688000,0.4879150390625
1689000,0.4956817626953125
1690000,0.5033416748046875
1691000,0.5106658935546875
1692000,0.3545684814453125
1693000,0.3648223876953125
1694000,0.3744964599609375
1695000,0.383819580078125
1696000,0.392974853515625
1697000,0.40240478515625
1698000,0.411041259765625
1699000,0.419952392578125
1700000,0.428802490234375
1701000,0.43743896484375
1702000,0.44573974609375
1703000,0.45404052734375
1704000,0.4615936279296875
1705000,0.4694976806640625
1706000,0.4772186279296875
1707000,0.4853973388671875
1708000,0.441253662109375
1709000,0.4474334716796875
1710000,0.455657958984375
1711000,0.4640960693359375
1712000,0.4725799560546875
1713000,0.4803924560546875
1714000,0.4888916015625
1716000,0.22369384765625
1717000,0.23504638671875
1718000,0.246246337890625
1719000,0.2574615478515625
1720000,0.268829345703125
1721000,0.2801513671875
1723000,0.279693603515625
1724000,0.2899322509765625
1725000,0.3008575439453125
1726000,0.3107147216796875
1727000,0.321319580078125
1728000,0.33172607421875
1729000,0.34185791015625
1730000,0.3514556884765625
1731000,0.3614501953125
1732000,0.3712310791015625
1733000,0.3800811767578125
1734000,0.389495849609375
1735000,0.39874267578125
1736000,0.4080963134765625
1737000,0.4149169921875
1738000,0.423858642578125
1739000,0.4324493408203125
1740000,0.4407501220703125
1741000,0.44891357421875
1742000,0.4569244384765625
1743000,0.4618377685546875
1744000,0.4699249267578125
1745000,0.4777374267578125
1746000,0.485504150390625
1747000,0.4931793212890625
1748000,0.4727630615234375
1749000,0.4806365966796875
1750000,0.4889068603515625
1751000,0.4129791259765625
1752000,0.42144775390625
1753000,0.4299468994140625
1754000,0.4388275146484375
1755000,0.4475555419921875
1756000,0.4186248779296875
1757000,0.3647613525390625
1758000,0.374359130859375
1759000,0.3843536376953125
1760000,0.3927001953125
1761000,0.40155029296875
1762000,0.4102935791015625
1763000,0.4182281494140625
1764000,0.426849365234375
1765000,0.4356231689453125
1766000,0.4439849853515625
1767000,0.44744873046875
1768000,0.455902099609375
1769000,0.464263916015625
1770000,0.47216796875
1771000,0.4801788330078125
1772000,0.487762451171875
1773000,0.49530029296875
1774000,0.5029296875
1775000,0.510406494140625
1776000,0.2248077392578125
1777000,0.2322540283203125
1778000,0.2440032958984375
1779000,0.25555419921875
1780000,0.2666778564453125
1781000,0.2779693603515625
1782000,0.288421630859375
1783000,0.29901123046875
1784000,0.3098602294921875
1785000,0.3205108642578125
1786000,0.330596923828125
1787000,0.340484619140625
1788000,0.34014892578125
1789000,0.345611572265625
1790000,0.3555145263671875
1791000,0.36553955078125
1792000,0.3751068115234375
1793000,0.384063720703125
1794000,0.3930816650390625
1795000,0.402679443359375
1796000,0.4116973876953125
1797000,0.42047119140625
1798000,0.429229736328125
1799000,0.4374237060546875
1800000,0.445404052734375
1801000,0.453948974609375
1802000,0.46221923828125
1803000,0.470306396484375
1804000,0.478485107421875
1805000,0.48651123046875
1806000,0.4942474365234375
1807000,0.499786376953125
1809000,0.389373779296875
1810000,0.398712158203125
1811000,0.407623291015625
1812000,0.416473388671875
1813000,0.4241790771484375
1814000,0.4300384521484375
1815000,0.438323974609375
1816000,0.446990966796875
1817000,0.455108642578125
1818000,0.46331787109375
1819000,0.4703216552734375
1820000,0.4785003662109375
1821000,0.4804534912109375
1822000,0.4885406494140625
1823000,0.4962005615234375
1824000,0.503265380859375
1825000,0.5043182373046875
1826000,0.5109405517578125
1827000,0.5184173583984375
1828000,0.5175628662109375
1829000,0.5245361328125
1830000,0.530792236328125
1831000,0.5377197265625
1832000,0.36187744140625
1833000,0.3714599609375
1834000,0.3809967041015625
1835000,0.390472412109375
1836000,0.3996734619140625
1837000,0.40863037109375
1838000,0.2120513916015625
1839000,0.2239532470703125
1840000,0.23583984375
1841000,0.2474365234375
1842000,0.2591400146484375
1843000,0.2686920166015625
1844000,0.279937744140625
1845000,0.2906646728515625
1846000,0.301605224609375
1847000,0.312225341796875
1848000,0.3227386474609375
1849000,0.333099365234375
1850000,0.3431549072265625
1851000,0.353118896484375
1852000,0.3627777099609375
1853000,0.3723907470703125
1854000,0.3818817138671875
1855000,0.391021728515625
1856000,0.4002685546875
1857000,0.4091339111328125
1858000,0.4178009033203125
1859000,0.427032470703125
1860000,0.435302734375
1861000,0.443817138671875
1862000,0.4071502685546875
1863000,0.41571044921875
1864000,0.4241943359375
1865000,0.4327850341796875
1866000,0.4414215087890625
1867000,0.4497528076171875
1869000,0.38946533203125
1870000,0.373626708984375
1871000,0.383270263671875
1872000,0.39227294921875
1873000,0.395721435546875
1874000,0.404083251953125
1875000,0.4130706787109375
1877000,0.4269256591796875
1878000,0.435150146484375
1879000,0.4437103271484375
1880000,0.4512939453125
1881000,0.45977783203125
1882000,0.467926025390625
1883000,0.4743194580078125
1884000,0.4824371337890625
1885000,0.4904022216796875
1886000,0.4979095458984375
1887000,0.40093994140625
1888000,0.4100189208984375
1889000,0.4190521240234375
1890000,0.427734375
1891000,0.4357757568359375
1892000,0.4445037841796875
1893000,0.4529571533203125
1894000,0.461669921875
1895000,0.4693603515625
1896000,0.477447509765625
1897000,0.48541259765625
1898000,0.3995208740234375
1899000,0.408447265625
1900000,0.216033935546875
1901000,0.2264556884765625
1902000,0.2383880615234375
1903000,0.25006103515625
1904000,0.261505126953125
1905000,0.27301025390625
1906000,0.2840728759765625
1907000,0.2942047119140625
1908000,0.304840087890625
1909000,0.31500244140625
1910000,0.325164794921875
1911000,0.31024169921875
1912000,0.3205413818359375
1913000,0.3307342529296875
1914000,0.3404693603515625
1915000,0.34393310546875
1916000,0.3537750244140625
1917000,0.363494873046875
1918000,0.3729248046875
1919000,0.382293701171875
1920000,0.3914337158203125
1921000,0.4008026123046875
1922000,0.4096527099609375
1923000,0.4190521240234375
1924000,0.427703857421875
1925000,0.43621826171875
1926000,0.4372406005859375
1927000,0.4205169677734375
1928000,0.4295196533203125
1929000,0.4384765625
1930000,0.446929931640625
1931000,0.455291748046875
1932000,0.4610443115234375
1933000,0.469451904296875
1934000,0.4774169921875
1935000,0.4853363037109375
1936000,0.4931793212890625
1937000,0.5008392333984375
1938000,0.508056640625
1939000,0.51544189453125
1940000,0.521240234375
1941000,0.528717041015625
1942000,0.5358428955078125
1943000,0.5428619384765625
1944000,0.549713134765625
1945000,0.55657958984375
1946000,0.561859130859375
1947000,0.5682220458984375
1948000,0.3742523193359375
1949000,0.3835906982421875
1950000,0.392730712890625
1951000,0.402374267578125
1952000,0.410919189453125
1953000,0.4201202392578125
1954000,0.42877197265625
1955000,0.4376220703125
1956000,0.4459075927734375
1957000,0.4541168212890625
1958000,0.4623260498046875
1959000,0.4704132080078125
1960000,0.477996826171875
1961000,0.48602294921875
1962000,0.2237396240234375
1963000,0.235260009765625
1964000,0.2470550537109375
1965000,0.2586517333984375
1966000,0.270233154296875
1967000,0.2813568115234375
1968000,0.292327880859375
1969000,0.3029632568359375
1970000,0.31396484375
1971000,0.3243408203125
1972000,0.334747314453125
1973000,0.3448486328125
1974000,0.3533782958984375
1975000,0.3626861572265625
1976000,0.3722381591796875
1977000,0.3289031982421875
1978000,0.339019775390625
1979000,0.349029541015625
1980000,0.35888671875
1981000,0.3680267333984375
1982000,0.377197265625
1983000,0.386871337890625
1984000,0.396240234375
1985000,0.405609130859375
1986000,0.3987579345703125
1987000,0.40838623046875
1988000,0.417510986328125
1989000,0.4265594482421875
1990000,0.4351348876953125
1991000,0.4436798095703125
1992000,0.451995849609375
1993000,0.4517669677734375
1994000,0.459930419921875
1995000,0.467498779296875
1996000,0.4752960205078125
1997000,0.4830169677734375
1998000,0.490447998046875
1999000,0.4985198974609375
2000000,0.506256103515625
2001000,0.51336669921875
2002000,0.498138427734375
2003000,0.50567626953125
2004000,0.513214111328125
2005000,0.5150604248046875
2006000,0.52239990234375
2007000,0.5292510986328125
2008000,0.53662109375
2009000,0.5434417724609375
2010000,0.5501708984375
2011000,0.55712890625
2012000,0.563385009765625
2013000,0.565216064453125
2014000,0.5719757080078125
2015000,0.39898681640625
2016000,0.3212890625
2017000,0.33148193359375
2018000,0.341278076171875
2020000,0.2373809814453125
2021000,0.2480316162109375
2022000,0.2595062255859375
2023000,0.2708282470703125
2024000,0.281890869140625
2025000,0.28961181640625
2026000,0.300811767578125
2027000,0.2910919189453125
2028000,0.3014068603515625
2029000,0.312042236328125
2030000,0.3126068115234375
2031000,0.3224334716796875
2032000,0.3328857421875
2033000,0.3430938720703125
2034000,0.35272216796875
2035000,0.362213134765625
2036000,0.37152099609375
2037000,0.3811798095703125
2038000,0.3907318115234375
2039000,0.3995513916015625
2040000,0.4055633544921875
2041000,0.41485595703125
2042000,0.423553466796875
2043000,0.4324798583984375
2044000,0.4415435791015625
2045000,0.44940185546875
2046000,0.4574127197265625
2047000,0.4654693603515625
2048000,0.473419189453125
2049000,0.4815521240234375
2050000,0.489532470703125
2052000,0.4806976318359375
2053000,0.36651611328125
2054000,0.37542724609375
2055000,0.38494873046875
2056000,0.39434814453125
2057000,0.4037933349609375
2058000,0.4071197509765625
2059000,0.41558837890625
2060000,0.4244842529296875
2061000,0.433319091796875
2062000,0.4415740966796875
2063000,0.4499359130859375
2064000,0.4581146240234375
2065000,0.466033935546875
2066000,0.4734344482421875
2067000,0.4819183349609375
2068000,0.4898223876953125
2069000,0.497406005859375
2070000,0.5050048828125
2071000,0.5125885009765625
2072000,0.3252716064453125
2073000,0.3355255126953125
2074000,0.345428466796875
2075000,0.355438232421875
2076000,0.3539581298828125
2077000,0.36376953125
2078000,0.352691650390625
2079000,0.3625335693359375
2080000,0.2482757568359375
2081000,0.25933837890625
2082000,0.2701873779296875
2083000,0.2811279296875
2084000,0.2920379638671875
2085000,0.302703857421875
2086000,0.3128509521484375
2087000,0.3233489990234375
2088000,0.333587646484375
2089000,0.34344482421875
2090000,0.3537750244140625
2091000,0.3636627197265625
2092000,0.37310791015625
2093000,0.3815765380859375
2094000,0.391204833984375
2095000,0.384552001953125
2096000,0.393890380859375
2097000,0.403411865234375
2098000,0.41204833984375
2099000,0.4208984375
2100000,0.4299163818359375
2101000,0.4383697509765625
2102000,0.4254608154296875
2103000,0.4341888427734375
2104000,0.44287109375
2105000,0.44097900390625
2106000,0.449432373046875
2107000,0.4575958251953125
2108000,0.4643402099609375
2109000,0.472259521484375
2110000,0.4794769287109375
2111000,0.48638916015625
2112000,0.493438720703125
2113000,0.5008697509765625
2114000,0.4399566650390625
2115000,0.443603515625
2116000,0.411285400390625
2117000,0.418121337890625
2118000,0.4254608154296875
2119000,0.4341278076171875
2120000,0.4424591064453125
2121000,0.4504852294921875
2122000,0.4589385986328125
2123000,0.3946075439453125
2124000,0.4039459228515625
2125000,0.412994384765625
2126000,0.421722412109375
2127000,0.4302978515625
2129000,0.4354400634765625
2130000,0.44439697265625
2131000,0.4510345458984375
2132000,0.4598236083984375
2133000,0.466583251953125
2134000,0.4747161865234375
2135000,0.482635498046875
2136000,0.490234375
2137000,0.4978179931640625
2138000,0.5051422119140625
2139000,0.513031005859375
2140000,0.484039306640625
2141000,0.4865570068359375
2142000,0.494049072265625
2143000,0.5019683837890625
2144000,0.509552001953125
2145000,0.513427734375
2146000,0.521240234375
2147000,0.528350830078125
2148000,0.535247802734375
2149000,0.5424346923828125
2150000,0.5494842529296875
2151000,0.3199920654296875
2152000,0.3301544189453125
2153000,0.3398284912109375
2154000,0.3496246337890625
2155000,0.3592529296875
2156000,0.3687591552734375
2157000,0.37786865234375
2158000,0.3871917724609375
2160000,0.283294677734375
2161000,0.2928466796875
2162000,0.303009033203125
2163000,0.313018798828125
2164000,0.3235015869140625
2165000,0.33355712890625
2166000,0.3433074951171875
2167000,0.3531951904296875
2168000,0.3632354736328125
2169000,0.3727874755859375
2170000,0.3820953369140625
2171000,0.391204833984375
2172000,0.4006195068359375
2173000,0.41015625
2174000,0.418975830078125
2175000,0.4279937744140625
2176000,0.436309814453125
2177000,0.444976806640625
2178000,0.45318603515625
2179000,0.461212158203125
2180000,0.469512939453125
2181000,0.360870361328125
2182000,0.37042236328125
2183000,0.3797760009765625
2184000,0.389251708984375
2185000,0.398590087890625
2186000,0.407623291015625
2187000,0.416595458984375
2188000,0.42535400390625
2189000,0.434295654296875
2190000,0.3234710693359375
2191000,0.3335723876953125
2192000,0.3439178466796875
2193000,0.342041015625
2194000,0.3520050048828125
2195000,0.3609161376953125
2196000,0.370697021484375
2197000,0.380401611328125
2198000,0.380462646484375
2199000,0.38677978515625
2200000,0.3957672119140625
2201000,0.4049072265625
2202000,0.413970947265625
2203000,0.4229736328125
2204000,0.4315643310546875
2205000,0.43963623046875
2206000,0.4483489990234375
2207000,0.4565582275390625
2208000,0.44952392578125
2209000,0.4578094482421875
2210000,0.4646759033203125
2211000,0.471832275390625
2212000,0.4764404296875
2213000,0.483978271484375
2214000,0.4914398193359375
2215000,0.4993743896484375
2216000,0.3274078369140625
2217000,0.3379974365234375
2218000,0.347808837890625
2219000,0.357513427734375
2220000,0.3676910400390625
2221000,0.3744659423828125
2222000,0.356658935546875
2223000,0.3660430908203125
2224000,0.3759002685546875
2225000,0.3852081298828125
2226000,0.3939666748046875
2227000,0.403045654296875
2228000,0.288543701171875
2229000,0.2969970703125
2230000,0.3055877685546875
2231000,0.3102569580078125
2232000,0.320770263671875
2233000,0.33074951171875
2234000,0.3407440185546875
2235000,0.350738525390625
2236000,0.3606719970703125
2237000,0.3705902099609375
2238000,0.3801116943359375
2239000,0.3895263671875
2240000,0.398345947265625
2241000,0.4070281982421875
2242000,0.4145355224609375
2243000,0.422821044921875
2244000,0.4312896728515625
2245000,0.4398040771484375
2246000,0.4485626220703125
2247000,0.45660400390625
2248000,0.4057769775390625
2249000,0.4149627685546875
2250000,0.339324951171875
2251000,0.3493804931640625
2252000,0.35919189453125
2253000,0.36895751953125
2254000,0.378936767578125
2255000,0.388336181640625
2256000,0.39752197265625
2257000,0.4048004150390625
2258000,0.413482666015625
2259000,0.4224395751953125
2260000,0.4311370849609375
2261000,0.4399871826171875
2262000,0.44873046875
2263000,0.4563751220703125
2264000,0.4649810791015625
2265000,0.4731292724609375
2266000,0.4813232421875
2267000,0.4297943115234375
2268000,0.438262939453125
2269000,0.44683837890625
2270000,0.45489501953125
2271000,0.4633636474609375
2272000,0.4063262939453125
2273000,0.4132537841796875
2274000,0.422393798828125
2275000,0.4271392822265625
2276000,0.43560791015625
2277000,0.4222412109375
2278000,0.429901123046875
2279000,0.4383392333984375
2280000,0.445953369140625
2281000,0.4543914794921875
2282000,0.3277435302734375
2283000,0.337860107421875
2284000,0.3480682373046875
2285000,0.3583221435546875
2286000,0.3679656982421875
2287000,0.377838134765625
2288000,0.387176513671875
2289000,0.3963775634765625
2290000,0.405303955078125
2291000,0.3672332763671875
2292000,0.3769989013671875
2293000,0.38653564453125
2294000,0.2978973388671875
2295000,0.283905029296875
2296000,0.2945404052734375
2297000,0.3051910400390625
2298000,0.3155975341796875
2299000,0.32586669921875
2300000,0.3364715576171875
2301000,0.347076416015625
2302000,0.3569793701171875
2303000,0.3668670654296875
2304000,0.3759765625
2305000,0.385467529296875
2306000,0.394622802734375
2307000,0.404205322265625
2308000,0.413299560546875
2309000,0.3624725341796875
2310000,0.3565673828125
2311000,0.366455078125
2312000,0.37567138671875
2313000,0.3853302001953125
2314000,0.3916015625
2315000,0.4008026123046875
2316000,0.4102020263671875
2317000,0.41925048828125
2318000,0.42816162109375
2319000,0.43707275390625
2320000,0.368560791015625
2321000,0.3560638427734375
2322000,0.365875244140625
2323000,0.3756866455078125
2324000,0.3849334716796875
2325000,0.3918609619140625
2326000,0.401031494140625
2327000,0.409912109375
2328000,0.4180450439453125
2329000,0.4269866943359375
2330000,0.399139404296875
2331000,0.40777587890625
2332000,0.41339111328125
2333000,0.4223785400390625
2334000,0.43115234375
2335000,0.4397735595703125
2336000,0.4485015869140625
2337000,0.4567413330078125
2338000,0.4646759033203125
2339000,0.472747802734375
2340000,0.4805755615234375
2341000,0.4884490966796875
2342000,0.4031524658203125
2343000,0.4120941162109375
2344000,0.42047119140625
2345000,0.4294586181640625
2346000,0.4381561279296875
2347000,0.4466552734375
2348000,0.4496917724609375
2349000,0.4577789306640625
2350000,0.4640960693359375
2351000,0.4717559814453125
2352000,0.3542022705078125
2353000,0.364044189453125
2354000,0.37347412109375
2355000,0.38336181640625
2356000,0.3927154541015625
2357000,0.4016571044921875
2358000,0.4104461669921875
2359000,0.418975830078125
2360000,0.4275970458984375
2361000,0.435394287109375
2362000,0.444000244140625
2363000,0.4523468017578125
2364000,0.46063232421875
2365000,0.4686126708984375
2366000,0.3436126708984375
2367000,0.35345458984375
2368000,0.362762451171875
2369000,0.3722381591796875
2370000,0.3574981689453125
2371000,0.3664093017578125
2372000,0.375701904296875
2373000,0.3850250244140625
2374000,0.394439697265625
2375000,0.4037628173828125
2376000,0.412567138671875
2377000,0.421356201171875
2378000,0.4303131103515625
2379000,0.4391326904296875
2380000,0.448211669921875
2381000,0.4570159912109375
2382000,0.4651336669921875
2383000,0.473052978515625
2384000,0.4812469482421875
2385000,0.4894256591796875
2386000,0.4975128173828125
2387000,0.505126953125
2388000,0.512908935546875
2389000,0.519989013671875
2390000,0.2819366455078125
2391000,0.29290771484375
2392000,0.3012847900390625
2393000,0.3092041015625
2394000,0.3194732666015625
2395000,0.329864501953125
2397000,0.332733154296875
2398000,0.3427886962890625
2399000,0.352569580078125
2400000,0.3624267578125
2401000,0.372161865234375
2402000,0.381683349609375
2403000,0.3910980224609375
2404000,0.3954620361328125
2405000,0.405120849609375
2406000,0.4139556884765625
2407000,0.4228057861328125
2409000,0.3825836181640625
