grid_size=256,prop_tree_init=0.01,p_grow=0.01,p_lightning=1e-05,steps_per_frame=100,cell_size=4,fps=60,max_runs=1000,fire_steps_per_frame=3,no_graphics=True,limit_by_fires=True,track_density=True,density_log_interval=1000,seed=23,total_frames=2409092,total_fires=1000
# fire_size
2
1
2
1
7
4
3
1
6
3
11
1
1
38
80
375
177
149
1080
26
421
4448
9974
98
336
11549
3309
1
1
3
2466
382
2
4
1348
20
47
28
15
1841
73
166
341
1
9
1529
213
15
1
30856
34
147
63
2
1
1
1
2
16
3
1
18
1
23
1651
1820
104
44
185
1908
8
14557
263
4568
3
11
3
13827
2
2
2
29
1965
117
2
1
95
1927
20
46
16472
64
14
87
3149
6722
3072
2
57
1
4
51
10
1
12
1
33
11
3
3792
574
2847
2823
10381
13
1622
2
4585
864
1
1413
1
1774
1
28
1107
10
3
30
9
28
4657
1
117
9
8
639
16
2481
4
3253
55
2675
10211
14
2126
6825
16
1
9
7254
1936
421
2330
632
1019
16
24
3289
1
1
5
15
139
12
5
17
26082
12
22
1
27
1489
49
3
3
8
5
11804
3
153
9
1
2
8
150
1
8
49
22
444
135
6455
11920
2179
210
1900
12
1249
20
3
1
1415
348
483
14
16
518
18
6948
8
1
1209
3928
1310
457
2
1426
37
16500
17
3
4
17
6
1
2
3
3
7043
36
1
3
1759
340
2
1
29740
1279
144
48
1
41
3
26
8
1417
493
25
11862
135
128
240
1
508
6501
737
1
607
3
15
2
58
4
988
1239
5
7836
12
33
17
35
32
20
1
1707
3232
3
51
1
551
1
629
176
4
5
6435
10
15
1
5
81
3
200
144
19658
3851
24
1
1
45
2
7
4138
3767
6
244
11358
6
231
293
4
30
7
1
5
113
13
1
10944
3
729
115
3687
3500
25
14
40
53
1014
134
7
63
1
8688
5
3063
4677
431
5867
1
12
1
129
778
1727
64
97
4
226
2458
187
13192
24
1326
486
1
2626
2
3205
2
3877
2
5
7
2
4755
4117
892
104
3315
23
59
5
2
7
20261
10
2874
206
266
117
5
2
2
1
4
21
137
11
21
3329
16
1
28
18
10758
3
1093
74
214
10022
716
3
5
1
7915
2
3886
292
9
4
149
274
5
3850
1779
5
7241
142
1
3
183
21329
14
19
174
13
43
490
4
73
7
2
813
267
111
98
1
5110
1
7
32
9
10
9528
1595
1
57
2
1
7
173
1
19524
6
5
218
42
1
1
3
17
583
2557
23
15
11
3
4
9
825
377
3
3
684
1220
1
13739
5134
1430
48
914
147
9580
88
1
2
1
69
47
3
31
24
1275
2
1
8
13
77
437
585
211
11
295
90
86
10
36
7631
328
6612
1451
492
179
2
5577
5
9
1
32
1227
5085
2
4073
36
278
75
14
3
1
220
188
16216
109
2514
1
1
665
9521
9
26
1
1
217
2
9
28
4004
4198
1
7
7
26
58
13
11
1228
5
51
18
9
4915
249
5565
3
7844
152
6
6
5
2
7
7
14102
13
140
3
4495
29
3
355
4475
1308
1272
3
26
25
1941
50
24104
1
1364
1
1
1
1
5363
6033
2
7
4
5
19
2288
47
24
19
4490
1
746
513
8
8246
4
8
5899
105
5
2
2
5
1
137
4741
294
2
8
5
2
2
1643
2
16082
1204
1
1
6897
3
1
535
170
1
7955
7
284
52
1
4
4
133
22
1
10532
18
24
11171
1346
15
1004
189
2
1464
26
1
4
3
1
4
10743
4
35
7
3367
142
3
1
695
17803
8
6
1412
33
133
3
194
6
1
3
1854
3
5481
43
82
8
2315
4091
66
28
296
8
19258
288
7
6
653
8
311
6
19
18
138
1
8279
39
20
194
6
2
8
27
75
7
389
401
47
522
24
70
11963
13459
1
74
1
5
4
12
1
2953
83
4964
1641
2
5
384
2
37
5
252
19
7
48
88
6833
1
2
6085
13116
66
1
1657
3
415
6
12
7
6
481
1654
5
166
1
5
1
69
49
64
3033
10117
20
3
17654
1
14
1
71
12
7
12
1
3449
34
13
13
1060
1
551
16
23
4
1392
74
2
338
1
1
325
11791
5695
31
8107
60
3
226
1322
527
110
2
201
58
16
1568
7991
1
381
8
1
1
26
3
2
12760
1
745
1263
85
8031
5
3
65
3
1038
13
1407
655
38
42
15
6
43
23
4520
309
15
2652
126
85
1
1
1
4759
175
581
122
2
55
4
1
2368
340
209
11
6
15632
1
11
8136
74
51
7691
1
1
7796
764
38
38
1
586
9
194
1
9
2
54
2
1026
85
44
20
143
35
11702
5
184
1790
23
4
8132
137
122
363
8
2
59
9
2
2
11
3840
5557
4
7
106
3
34
3882
33
4
4270
122
263
5
2
1422
73
3
49
8903
13
1
3107
6396
1
1593
1
1
1
16
3888
508
11
463
3
186
1
5006
50
1408
1
148
56
1
10
2368
36
197
4
25
6034
48
51
355
110
5
8212
73
20
8745
7
33
1573
69
18
4
17
22
6
3
5
573
15461
48
65
142
1145
317
1
341
3419
4
