grid_size=256,prop_tree_init=0.01,p_grow=0.01,p_lightning=1e-05,steps_per_frame=100,cell_size=4,fps=60,max_runs=1000,fire_steps_per_frame=3,no_graphics=True,limit_by_fires=True,track_density=True,density_log_interval=1000,seed=23,total_frames=2409092,total_fires=1000
# size,duration_steps
2,2
1,1
2,2
1,1
7,4
4,3
3,3
1,1
6,6
3,3
11,4
1,1
1,1
38,14
80,19
375,75
177,27
149,51
1080,106
26,12
421,80
4448,295
9974,344
98,26
336,36
11549,213
3309,166
1,1
1,1
3,3
2466,114
382,60
2,2
4,4
1348,113
20,7
47,15
28,11
15,6
1841,195
73,18
166,30
341,62
1,1
9,3
1529,198
213,48
15,7
1,1
30856,502
34,9
147,40
63,18
2,2
1,1
1,1
1,1
2,2
16,7
3,3
1,1
18,5
1,1
23,8
1651,83
1820,117
104,16
44,14
185,50
1908,145
8,4
14557,359
263,48
4568,300
3,3
11,6
3,3
13827,458
2,2
2,2
2,2
29,10
1965,102
117,24
2,2
1,1
95,28
1927,127
20,13
46,18
16472,391
64,22
14,5
87,28
3149,236
6722,221
3072,170
2,2
57,21
1,1
4,3
51,18
10,4
1,1
12,7
1,1
33,18
11,8
3,3
3792,165
574,115
2847,238
2823,111
10381,243
13,5
1622,132
2,2
4585,248
864,82
1,1
1413,114
1,1
1774,126
1,1
28,12
1107,79
10,4
3,2
30,12
9,5
28,11
4657,173
1,1
117,28
9,6
8,4
639,43
16,10
2481,145
4,4
3253,189
55,18
2675,196
10211,336
14,7
2126,102
6825,197
16,5
1,1
9,6
7254,244
1936,105
421,59
2330,134
632,90
1019,89
16,11
24,11
3289,172
1,1
1,1
5,4
15,11
139,26
12,6
5,3
17,11
26082,310
12,8
22,10
1,1
27,9
1489,145
49,12
3,2
3,2
8,6
5,3
11804,366
3,3
153,46
9,5
1,1
2,2
8,6
150,43
1,1
8,3
49,17
22,11
444,70
135,44
6455,290
11920,334
2179,188
210,44
1900,85
12,10
1249,92
20,9
3,3
1,1
1415,83
348,46
483,58
14,6
16,10
518,72
18,9
6948,299
8,4
1,1
1209,77
3928,291
1310,109
457,61
2,2
1426,99
37,14
16500,469
17,11
3,3
4,3
17,7
6,5
1,1
2,2
3,3
3,3
7043,196
36,15
1,1
3,3
1759,109
340,45
2,2
1,1
29740,490
1279,103
144,23
48,21
1,1
41,11
3,2
26,10
8,6
1417,130
493,76
25,7
11862,239
135,34
128,28
240,37
1,1
508,58
6501,332
737,88
1,1
607,61
3,3
15,6
2,2
58,18
4,3
988,76
1239,121
5,3
7836,276
12,6
33,9
17,9
35,14
32,12
20,11
1,1
1707,88
3232,139
3,3
51,15
1,1
551,92
1,1
629,113
176,30
4,4
5,3
6435,274
10,6
15,9
1,1
5,3
81,22
3,2
200,29
144,22
19658,447
3851,129
24,10
1,1
1,1
45,14
2,2
7,6
4138,287
3767,178
6,5
244,41
11358,312
6,4
231,38
293,57
4,4
30,11
7,5
1,1
5,3
113,24
13,9
1,1
10944,352
3,3
729,62
115,35
3687,178
3500,172
25,7
14,10
40,16
53,18
1014,76
134,28
7,4
63,23
1,1
8688,299
5,4
3063,136
4677,224
431,74
5867,347
1,1
12,9
1,1
129,21
778,76
1727,173
64,16
97,23
4,4
226,39
2458,208
187,56
13192,358
24,13
1326,128
486,101
1,1
2626,154
2,2
3205,297
2,2
3877,160
2,2
5,4
7,5
2,2
4755,201
4117,269
892,140
104,26
3315,112
23,14
59,21
5,3
2,2
7,5
20261,477
10,7
2874,118
206,38
266,36
117,28
5,3
2,2
2,2
1,1
4,3
21,14
137,24
11,9
21,13
3329,151
16,8
1,1
28,11
18,10
10758,450
3,3
1093,132
74,40
214,33
10022,259
716,86
3,3
5,4
1,1
7915,341
2,2
3886,155
292,64
9,6
4,2
149,38
274,55
5,3
3850,253
1779,110
5,4
7241,248
142,29
1,1
3,2
183,34
21329,362
14,12
19,10
174,31
13,5
43,12
490,73
4,2
73,25
7,6
2,2
813,100
267,35
111,29
98,26
1,1
5110,273
1,1
7,4
32,9
9,4
10,8
9528,305
1595,139
1,1
57,14
2,2
1,1
7,5
173,33
1,1
19524,369
6,4
5,5
218,45
42,11
1,1
1,1
3,3
17,9
583,54
2557,219
23,13
15,9
11,5
3,3
4,3
9,7
825,109
377,44
3,3
3,3
684,91
1220,81
1,1
13739,410
5134,173
1430,113
48,11
914,84
147,33
9580,221
88,19
1,1
2,2
1,1
69,13
47,14
3,3
31,13
24,10
1275,129
2,2
1,1
8,4
13,5
77,17
437,70
585,86
211,35
11,7
295,61
90,20
86,23
10,4
36,20
7631,462
328,58
6612,185
1451,113
492,89
179,45
2,2
5577,267
5,3
9,5
1,1
32,10
1227,158
5085,221
2,2
4073,150
36,11
278,27
75,25
14,10
3,2
1,1
220,33
188,41
16216,578
109,26
2514,160
1,1
1,1
665,98
9521,365
9,5
26,11
1,1
1,1
217,32
2,2
9,5
28,11
4004,201
4198,142
1,1
7,5
7,3
26,11
58,18
13,5
11,9
1228,97
5,4
51,17
18,6
9,7
4915,235
249,59
5565,238
3,3
7844,306
152,23
6,5
6,5
5,4
2,2
7,5
7,6
14102,203
13,7
140,36
3,3
4495,194
29,16
3,3
355,52
4475,281
1308,128
1272,106
3,2
26,10
25,9
1941,188
50,15
24104,839
1,1
1364,79
1,1
1,1
1,1
1,1
5363,305
6033,357
2,2
7,6
4,3
5,4
19,9
2288,164
47,17
24,9
19,8
4490,237
1,1
746,123
513,82
8,4
8246,357
4,4
8,4
5899,163
105,27
5,2
2,2
2,2
5,4
1,1
137,25
4741,174
294,35
2,2
8,4
5,5
2,2
2,2
1643,130
2,2
16082,463
1204,74
1,1
1,1
6897,231
3,3
1,1
535,79
170,31
1,1
7955,314
7,4
284,64
52,16
1,1
4,2
4,3
133,30
22,9
1,1
10532,267
18,10
24,13
11171,301
1346,68
15,7
1004,93
189,30
2,2
1464,101
26,13
1,1
4,3
3,2
1,1
4,3
10743,225
4,4
35,19
7,6
3367,173
142,28
3,2
1,1
695,56
17803,413
8,6
6,3
1412,125
33,15
133,23
3,2
194,33
6,5
1,1
3,3
1854,124
3,3
5481,250
43,17
82,18
8,6
2315,113
4091,158
66,28
28,11
296,57
8,6
19258,537
288,39
7,4
6,5
653,71
8,6
311,50
6,4
19,6
18,14
138,35
1,1
8279,309
39,15
20,10
194,34
6,4
2,2
8,6
27,10
75,20
7,5
389,55
401,79
47,18
522,57
24,16
70,21
11963,305
13459,317
1,1
74,22
1,1
5,4
4,3
12,6
1,1
2953,239
83,28
4964,230
1641,131
2,2
5,3
384,59
2,2
37,14
5,2
252,57
19,7
7,4
48,19
88,29
6833,261
1,1
2,2
6085,228
13116,402
66,22
1,1
1657,73
3,3
415,53
6,4
12,6
7,6
6,6
481,56
1654,130
5,4
166,26
1,1
5,5
1,1
69,27
49,19
64,17
3033,124
10117,344
20,8
3,2
17654,325
1,1
14,7
1,1
71,16
12,5
7,4
12,8
1,1
3449,151
34,11
13,10
13,8
1060,76
1,1
551,41
16,6
23,10
4,4
1392,134
74,21
2,2
338,39
1,1
1,1
325,36
11791,528
5695,180
31,9
8107,350
60,20
3,3
226,35
1322,86
527,69
110,33
2,2
201,25
58,18
16,7
1568,85
7991,291
1,1
381,56
8,6
1,1
1,1
26,12
3,3
2,2
12760,425
1,1
745,127
1263,98
85,20
8031,377
5,3
3,2
65,29
3,3
1038,78
13,6
1407,78
655,70
38,12
42,15
15,8
6,4
43,11
23,11
4520,180
309,29
15,6
2652,245
126,30
85,31
1,1
1,1
1,1
4759,274
175,44
581,89
122,23
2,2
55,18
4,2
1,1
2368,215
340,47
209,34
11,5
6,4
15632,376
1,1
11,8
8136,232
74,20
51,19
7691,186
1,1
1,1
7796,175
764,86
38,16
38,15
1,1
586,63
9,5
194,52
1,1
9,8
2,2
54,11
2,2
1026,64
85,23
44,12
20,7
143,28
35,17
11702,445
5,4
184,25
1790,86
23,13
4,3
8132,260
137,42
122,29
363,41
8,6
2,2
59,20
9,4
2,2
2,2
11,6
3840,231
5557,161
4,3
7,4
106,22
3,3
34,15
3882,137
33,13
4,3
4270,227
122,38
263,33
5,3
2,2
1422,121
73,31
3,2
49,9
8903,236
13,8
1,1
3107,118
6396,211
1,1
1593,131
1,1
1,1
1,1
16,14
3888,234
508,73
11,7
463,83
3,3
186,43
1,1
5006,134
50,16
1408,164
1,1
148,31
56,19
1,1
10,5
2368,160
36,13
197,38
4,3
25,9
6034,374
48,15
51,20
355,45
110,31
5,4
8212,261
73,18
20,11
8745,348
7,4
33,12
1573,89
69,22
18,14
4,3
17,7
22,12
6,4
3,3
5,4
573,99
15461,393
48,14
65,30
142,31
1145,130
317,49
1,1
341,57
3419,219
4,3
