2
1
9
4
1
27
3
129
97
53
458
2800
4096
145
9632
3
90
13927
6
1
18
277
15
5643
278
156
2
8
1
52
990
4
2
96
1
17
116
4059
1
9260
13555
26
1
1
1
716
5
129
13
3
14
9
3
3
2697
1
3
1885
567
2
4
3434
83
4354
627
70
41
78
3687
23
10214
57
4
6629
15
5
63
9
1082
9
5
175
8
11
2180
8704
15
674
22
1579
4
3361
2
23
2
850
12
6666
2209
9937
981
22
3
4
26
1
1
1
51
12531
1445
1680
65
10
6168
67
1558
1727
2
2069
1905
4
1
990
2477
783
11
35
1
304
3637
67
868
2995
1
1360
58
308
13
18585
47
1
3
1
6774
57
27
9
109
2055
4102
33
44
4
5
5211
42
3757
131
1
1
6
178
14668
46
198
499
39
2
4796
4
226
8
45
1
1648
3485
5
6
2120
3
4160
21
12
184
1225
10946
4
7936
79
4
2
1
72
2
5
25
52
1473
11118
3128
100
3561
75
289
9
26
5
5
3519
102
1
1769
5
4
11027
473
22
1
3
6452
277
2751
1212
7
146
1834
106
1525
17
953
1
6
136
2592
53
4
3753
15
7
3512
1
7928
24
11
2
1
4390
2
1529
29
506
4
8
6
13544
8718
6
5674
3
35
460
1
190
794
1
7983
29
83
16
137
11
374
39
87
14769
2
155
169
4563
1
1567
17
51
133
4
1
2
12578
1
6
10
2
238
51
3365
8
2
57
1
4296
1587
4
33
1
1
41
266
11794
8977
11
1
193
18
4366
3
11
6
10
148
2870
7
2785
84
536
51
1
1230
1349
6
83
298
3508
14821
44
36
935
4
836
305
10
89
2565
6
25
41
5664
2
5118
535
1
2556
10561
46
9
44
3
370
2130
12740
5
2
505
6764
3
1
3
2890
10
127
1160
1
4
2
1
10
5
49
9840
62
17
245
27
14
1
357
14
3049
15
1339
12
18
719
7279
10
16
8048
11
7070
1
19
6
142
24
3473
11
225
228
10
3
14
7
4
1
10025
5
1213
134
973
2310
11
12
10692
10
368
1
1
5603
2
4726
6
350
4
28
2
75
193
5
126
365
4198
24
964
27
641
121
120
8977
5
24
57
15
12096
11
1
28
9
25
990
2
533
8008
460
10
7
4
225
2
17
31
14
38
3966
1614
439
12
3
1
3
110
8303
51
351
12636
116
23
8
1
2875
3
1
7218
9
898
541
2
54
3
18058
15
7
9
6
2
160
7492
31
1
5
2
3653
8
368
2
1
6023
3
3
8
649
6
3073
24
187
190
13021
1342
21
1
1
8382
60
186
38
1
1
8
1
1126
85
14932
64
14727
11
538
1133
6
1
171
3
4131
159
287
1533
1
10
32
2
1
3
3
72
51
10
2822
3320
57
210
1
3662
80
4352
7647
15
1
3
49
113
1
9780
5
4
1432
5
25
4
5
3
2927
1
311
3248
1
19
14106
5304
5
68
9037
2345
1
6
18
50
1916
11
40
1541
8
3
1
556
110
323
5
9314
12
30
2
13252
2
17
9853
2
1
1
51
1
32
14
6
83
7600
14
6
4327
1
1
15
543
37
601
1
14
721
1
4173
12
53
1
25
3218
4323
6010
1166
92
5462
15
1459
25
93
1
2
1
3
1
427
382
2568
8978
61
182
5532
441
15
4
15
3100
1107
1
12498
92
29
4
1
82
1081
38
34
420
1
400
2
13
84
400
97
23258
111
6140
572
4
2
67
2
1
5447
2
1
3
2
1
1
18
28
305
209
16
154
2936
2
3
7627
38
1992
512
1154
10310
9907
5
10
4
22
5892
20
9
12
1
4039
2348
225
301
17186
1
176
67
5
3
2372
1845
2
5
9
629
12
9
2
8
440
40
3
25
5124
19
2
18751
6
2201
6702
57
1
1361
1
10
20
3
45
3
2864
7
950
16
37
39
4914
1
406
756
209
12681
216
7
5
6667
13
7211
8
2
1
31
40
2
819
1899
2100
37
1399
2797
2
2
2
3
18
4
8
2616
6
25
3
5
5
14
544
31
20
25570
6
9
130
1
2438
2
6
84
209
11
3
3
45
2
9
10
5
1574
23
23
4063
3694
5
1986
5803
41
2
260
6
8652
327
5
3
1
145
5
3
9165
8
1
1
1
65
21
1
2
7082
1
4
20
43
1913
1130
433
14950
2371
18
2
268
24
1913
234
4
13
3
13
5318
162
786
11
429
69
45
152
77
10722
356
485
4462
5168
14
162
8
402
383
60
82
4739
12
1
550
11
1
2
7
44
10476
1363
23
1428
865
7202
15
2
6
1269
2838
17
1826
15
1787
153
1
1427
29
2757
16
7
5090
463
1737
21
19
29
10819
6
15510
4
9
19
13
4
4
5
103
13812
3
1130
4248
17
88
5696
1508
6
1337
10874
498
25
2
4
11
149
10
16
12986
28
332
3428
3737
774
276
3669
2
12
485
8609
4
6
65
20
673
12
590
11033
