2
1
5
4
1
13
3
38
30
16
72
263
298
43
460
3
28
400
5
1
7
40
9
184
60
20
2
5
1
23
69
3
2
31
1
6
20
181
1
292
616
12
1
1
1
117
3
46
8
3
10
5
3
3
125
1
3
98
84
2
4
151
22
185
109
14
17
24
177
10
510
19
3
240
10
3
15
7
123
7
3
34
5
5
118
206
5
63
6
139
4
120
2
7
2
88
8
198
105
296
63
13
3
3
8
1
1
1
13
382
134
133
23
9
302
24
159
176
2
118
116
3
1
83
119
89
6
16
1
46
139
19
77
188
1
86
14
39
6
283
23
1
2
1
342
17
13
5
31
86
139
13
18
3
4
203
15
252
47
1
1
5
35
455
18
40
58
19
2
215
4
49
5
22
1
88
139
4
4
165
3
198
8
5
22
102
337
4
237
23
3
2
1
14
2
4
16
22
115
368
170
20
269
22
63
5
9
4
4
125
24
1
74
4
3
298
62
14
1
3
201
49
158
130
5
24
122
40
147
10
82
1
4
30
204
20
4
158
8
5
130
1
249
10
7
2
1
276
2
140
14
66
3
7
5
220
393
4
156
2
16
39
1
48
64
1
332
14
18
10
37
8
36
11
26
442
2
42
28
157
1
93
10
20
29
4
1
2
256
1
4
5
2
25
19
110
4
2
26
1
292
102
3
14
1
1
13
41
320
177
5
1
34
8
279
2
6
4
6
34
126
6
233
17
42
21
1
64
119
4
19
56
163
431
15
15
122
3
89
60
6
29
192
4
12
11
224
2
191
73
1
192
395
17
7
13
3
53
110
279
3
2
91
237
3
1
3
187
5
46
122
1
3
2
1
8
4
14
307
29
9
46
17
11
1
33
9
145
7
139
5
8
72
303
7
10
352
7
198
1
10
4
29
13
276
6
51
32
8
3
9
5
3
1
271
4
66
28
143
187
6
7
299
5
63
1
1
306
2
246
5
33
4
9
2
25
38
5
33
70
150
12
72
7
75
27
27
356
4
9
17
11
317
5
1
10
7
11
140
2
95
259
51
6
6
4
35
2
8
12
6
14
331
104
60
8
2
1
2
30
368
23
52
414
22
12
4
1
160
3
1
219
6
78
63
2
22
3
538
10
5
5
6
2
45
331
11
1
5
2
222
5
38
2
1
271
2
3
5
50
3
176
12
25
35
438
94
15
1
1
320
14
34
11
1
1
5
1
94
32
372
28
419
7
61
74
3
1
29
3
204
38
45
76
1
6
13
2
1
3
3
28
13
7
191
136
21
48
1
303
32
191
341
6
1
3
16
39
1
248
3
3
83
3
13
3
3
2
147
1
45
148
1
9
351
237
5
23
292
97
1
3
14
22
210
7
21
125
7
2
1
72
24
41
4
365
7
17
2
438
2
10
255
2
1
1
16
1
12
9
4
18
195
7
3
263
1
1
10
81
15
54
1
8
82
1
292
8
12
1
10
210
184
323
153
27
287
9
122
9
25
1
2
1
3
1
81
69
140
178
15
31
336
79
6
4
6
205
98
1
466
32
10
4
1
25
76
12
11
38
1
43
2
6
22
52
23
421
38
226
59
3
2
27
2
1
234
2
1
2
2
1
1
14
13
80
37
5
43
275
2
3
347
19
130
88
120
223
275
3
5
4
11
290
10
6
8
1
185
163
42
44
416
1
42
23
5
3
124
166
2
5
6
62
7
6
2
7
54
18
3
16
244
10
2
563
4
109
183
18
1
89
1
5
7
2
18
2
156
5
69
6
11
17
248
1
52
61
40
371
40
5
3
323
9
254
4
2
1
19
12
2
60
83
101
17
109
144
2
2
2
3
9
4
5
117
5
9
2
3
3
8
80
11
8
668
5
5
28
1
210
2
5
24
45
5
3
2
21
2
6
7
3
81
11
16
146
112
4
80
203
17
2
56
4
390
58
3
3
1
28
5
3
272
4
1
1
1
15
9
1
2
245
1
3
9
15
122
88
76
477
111
8
2
41
13
121
34
3
7
3
8
226
24
110
6
51
16
13
31
34
264
48
74
186
255
9
35
6
44
53
27
17
196
7
1
51
7
1
2
4
16
542
134
11
158
78
334
6
2
3
74
200
8
108
6
184
29
1
78
11
221
8
4
257
38
113
7
8
11
334
4
337
3
8
9
9
2
3
4
21
420
3
87
152
6
29
179
237
5
124
405
46
13
2
3
9
31
5
8
426
9
81
128
247
93
44
140
2
7
45
342
4
5
24
9
52
6
88
534
